0
1
2
3
4
5
6
9
10
11
14
15
16
17
18
19
20
21
22
23
24
26
28
29
32
33
34
39
40
41
42
43
44
45
46
47
48
49
50
51
52
54
55
56
57
59
60
63
64
66
67
68
69
70
71
72
73
74
75
76
77
78
79
80
81
82
83
85
87
88
89
92
93
94
96
99
100
101
103
104
105
106
107
108
110
112
113
114
115
116
117
118
119
120
121
122
123
125
126
127
128
129
130
131
132
133
134
135
137
138
139
141
142
143
146
147
148
149
150
151
152
154
156
157
161
164
165
167
168
170
171
174
176
177
178
179
185
187
188
193
195
197
198
200
201
203
207
209
210
211
212
216
219
220
221
223
225
227
228
230
231
233
235
237
244
247
249
250
251
252
253
254
255
257
260
262
263
265
266
267
271
272
273
280
281
282
283
284
285
286
288
289
290
291
292
293
295
298
299
301
302
303
304
305
307
313
314
316
317
318
320
324
326
330
333
334
336
338
344
345
346
347
349
351
352
353
354
355
356
357
358
361
363
365
366
367
368
369
371
372
373
374
375
377
378
379
380
381
383
385
386
387
388
393
394
396
397
398
400
401
403
404
405
406
407
408
409
410
411
412
415
416
417
418
419
421
423
425
427
429
430
432
433
434
435
437
438
440
441
442
444
445
446
448
449
450
451
453
454
455
456
457
458
460
461
462
463
464
465
467
468
469
470
472
473
475
476
477
478
479
480
481
482
483
484
485
486
487
488
489
491
492
493
494
495
497
498
499
501
502
503
504
506
507
508
509
510
512
513
515
517
518
519
520
521
522
523
524
525
526
528
529
530
531
532
533
534
535
536
537
538
539
540
541
542
543
544
545
548
549
550
551
552
553
554
555
556
557
558
559
560
561
562
563
564
566
567
569
570
572
573
575
576
577
578
579
581
582
583
584
585
586
587
588
589
590
592
593
594
597
599
600
601
602
603
604
605
606
607
609
610
612
613
614
615
616
617
618
619
622
623
624
625
626
627
628
630
631
632
633
634
635
637
638
639
640
641
642
643
644
645
646
647
648
649
650
655
656
658
659
660
661
662
663
664
665
666
668
670
671
672
673
674
675
676
678
679
680
681
682
684
686
687
688
689
690
692
693
694
695
696
697
698
699
701
702
703
704
705
706
707
708
709
710
711
713
714
715
716
717
718
719
720
722
723
724
725
726
727
728
729
730
731
732
733
735
736
737
738
740
745
746
747
748
749
751
752
753
754
756
757
758
759
760
761
762
763
764
765
766
769
770
772
773
777
781
782
784
785
786
787
790
791
792
794
795
798
799
801
802
803
805
806
809
810
811
812
813
814
815
816
818
819
820
821
822
823
824
829
830
831
832
833
834
835
836
837
838
839
840
841
842
843
844
845
846
849
853
855
856
857
858
859
860
861
864
865
867
868
869
871
872
874
875
877
878
880
881
882
883
885
887
888
890
891
896
897
898
899
900
901
902
904
906
909
910
911
912
913
914
915
916
917
919
921
922
923
924
925
926
927
931
932
934
935
936
937
938
942
943
945
946
947
948
949
952
953
954
955
956
962
963
964
968
971
972
975
976
977
978
982
983
984
987
990
993
995
996
997
999
1003
1004
1005
1006
1007
1008
1009
1012
1013
1017
1020
1024
1025
1026
1027
1029
1030
1031
1032
1035
1037
1038
1040
1041
1042
1044
1045
1046
1047
1048
1050
1051
1052
1057
1060
1061
1062
1063
1064
1065
1066
1069
1070
1072
1075
1076
1077
1080
1082
1084
1085
1087
1088
1089
1090
1091
1093
1095
1097
1098
1099
1101
1112
1113
1114
1115
1117
1118
1119
1120
1121
1122
1124
1125
1126
1127
1128
1130
1132
1136
1137
1138
1140
1141
1142
1146
1147
1151
1153
1154
1155
1156
1157
1158
1162
1163
1166
1167
1168
1171
1172
1173
1175
1176
1179
1180
1181
1185
1187
1190
1191
1192
1193
1197
1198
1200
1202
1203
1206
1208
1214
1219
1221
1222
1225
1226
1228
1229
1230
1231
1233
1234
1235
1236
1238
1240
1244
1247
1248
1251
1253
1255
1258
1260
1262
1265
1266
1267
1268
1269
1271
1272
1273
1274
1276
1280
1281
1283
1284
1285
1286
1287
1289
1292
1293
1294
1295
1297
1299
1301
1303
1308
1311
1313
1314
1316
1318
1322
1324
1325
1327
1328
1329
1330
1332
1333
1334
1335
1336
1337
1339
1345
1347
1349
1350
1351
1352
1354
1355
1359
1360
1361
1363
1364
1366
1367
1368
1369
1370
1371
1372
